V 3.0
C db list
1 -1
C extension list
7 LORCV,iln,R,0
7 DI,ilv,R,1
7 CERCV,irn,R,2
7 LOXMT,uln,L,3
7 XO,ulv,L,4
7 FLS,ull,L,5
7 CEXMT,urn,L,6
7 CR,stato,LR,7
7 NXC,stato,RL,8
7 TMR,stm,LR,9
7 ORXMT,uor,L,10
7 NEXMT,urs,L,11
7 NERCV,irs,R,12
7 PLS,ilp,R,13
C name list
E ADD_1_,0,0
E ADD_2_,0,0
E EQUAL_,0,0
C component list
5 0,1,ADD_1_<Cnn>,"","","",,,,1,1,1,0,0,-1,-1,-1,-1,0,-1,"","",0,-1
6 NERCV,irs,R,12
5 1,1,ADD_2_<Cnn>,"","","",,,,1,1,1,1,0,-1,-1,-1,-1,0,-1,"","",0,-1
6 NERCV,irs,R,12
5 2,1,EQUAL_<Cnn>,"","","",,,,1,1,1,1,0,-1,-1,-1,-1,0,-1,"","",0,-1
6 NEXMT,urs,L,11
C task (agenda) list
8 fase,,,0,""
9 "regola",0
A  0 -1 215,5,1,"",1,0,525,335,925,735,1076,317,1246,465,0,192,192,192,-12,0,0,0,400,0,0,0,0,3,2,1,34,"Arial",-12,0,0,0
D  0 -1 -1,-1,0,0,0,0,0
B  0 -1 0,1,32,32,63,63,0,45,-1,0,-1,-1,-1,1,0
B  0 -1 0,2,32,64,63,95,1,4,-1,0,-1,-1,-1,1,0
F  0 -1 4,2,"EQUAL_<Cnn>_NEXMT","",102,-1
A  1  0 216,7,1,"reg_prog",3,0,602,588,1002,988,806,9,1015,271,0,192,192,192,-12,0,0,0,400,0,0,0,0,3,2,1,34,"Arial",-12,0,0,0
D  1  0 -1,-1,0,0,0,0,0
B  1  0 0,1,32,32,63,63,0,45,-1,0,-1,-1,-1,1,0
B  1  0 0,2,32,64,63,95,2,34,-1,0,-1,-1,-1,1,0
F  1  0 4,0,"ADD_1_<Cnn>_NERCV","",102,12
B  1  0 0,3,32,96,63,127,3,34,-1,0,-1,-1,-1,1,0
F  1  0 4,1,"ADD_2_<Cnn>_NERCV","",102,12
B  1  0 0,4,32,128,63,159,1,55,-1,0,-1,-1,-1,1,0
F  1  0 4,2,"EQUAL_<Cnn>_NEXMT","",102,-1
G
G
C subnet list
H 0
C recent db list
